:      MVF         PVF     TCPU1     f1        f2       :=
1      8277.3      44850.1    2     8277.3   7955190
2      6135810     15910400     37    22425.1   6135810
;

:      FN1        FN2         F1        F2    TCPU2    :=
1    0.613161   1          22425.1    6135810   11
2    0.947464   0.998836   10198.7    6147190   10
3    0.95162    0.998205   10046.7    6153350   11
4    0.95162    0.998205   10046.7    6153350   12
5    0.95162    0.998205   10046.7    6153350   10
6    0.979799   0.978466    9016.1    6346290    5
7    0.979799   0.978466    9016.1    6346290    4
8    0.989595   0.958455    8657.85   6541890   21
9    0.992403   0.949741    8555.15   6627070   17
10   0.997849   0.919042    8355.95   6927140    3
11   1          0.819089    8277.3    7904140    3
;