:     MVF         PVF      TCPU1     f1         f2       :=
1      11856      35225.6   3618   11856     14054400
2   10542800   28108800     3633   17612.8   10542800
;

:      FN1        FN2        F1         F2     TCPU2    :=
1    0.75576    1          17563.8   10542700   3734
2    0.888066   0.994263   14471.9   10643500   3643
3    0.889801   0.993836   14431.3   10651000   3640
4    0.889801   0.993836   14431.3   10651000   3660
5    0.918576   0.980328   13758.9   10888300   3607
6    0.971232   0.935709   12528.3   11672100   3607
7    0.993658   0.902879   12004.2   12248800   3639
8    0.997293   0.896846   11919.2   12354800   3624
9    0.997293   0.896846   11919.2   12354800   3612
10   0.999027   0.886045   11878.7   12544500   3610
11   1          0.854926   11856     13091100   3611
;